                         [38;2;140;170;255m▄[38;2;140;170;255m▄[38;2;140;170;255m▄[38;2;140;170;255m▄[38;2;140;170;255m▄        [38;2;140;170;255m█[38;2;140;170;255m█[0m
          [38;2;140;170;255m▄[38;2;140;170;255m▄[38;2;140;170;255m▄[38;2;140;170;255m▄[38;2;140;170;255m▄[38;2;140;170;255m▄[38;2;140;170;255m▄[38;2;140;170;255m▄[38;2;140;170;255m▄[38;2;140;170;255m▄[38;2;140;170;255m▄[38;2;140;170;255m▄[38;2;140;170;255m█[38;2;140;170;255m█[38;2;140;170;255m█[38;2;140;170;255m█[38;2;140;170;255m█[38;2;140;170;255m█[38;2;140;170;255m▀        [38;2;140;170;255m█[38;2;140;170;255m█[38;2;140;170;255m█[38;2;140;170;255m█[0m
       [38;2;140;170;255m▄[38;2;140;170;255m█[38;2;140;170;255m█[38;2;140;170;255m█[38;2;140;170;255m█[38;2;140;170;255m█[38;2;140;170;255m█[38;2;140;170;255m█[38;2;140;170;255m█[38;2;140;170;255m█[38;2;140;170;255m█[38;2;140;170;255m█[38;2;140;170;255m█[38;2;140;170;255m█[38;2;140;170;255m█[38;2;140;170;255m█[38;2;140;170;255m█[38;2;140;170;255m█[38;2;140;170;255m█[38;2;140;170;255m█[38;2;140;170;255m█         [38;2;140;170;255m█[38;2;140;170;255m█[38;2;140;170;255m█[38;2;140;170;255m█[38;2;140;170;255m█[38;2;140;170;255m█[38;2;140;170;255m▄[38;2;140;170;255m▄       [38;2;140;170;255m▄[38;2;140;170;255m▄[38;2;140;170;255m█[38;2;140;170;255m█[0m
     [38;2;140;170;255m█[38;2;140;170;255m█[38;2;140;170;255m█[38;2;140;170;255m█[38;2;140;170;255m█[38;2;140;170;255m█[38;2;140;170;255m█[38;2;140;170;255m█[38;2;140;170;255m█[38;2;140;170;255m█[38;2;140;170;255m█[38;2;140;170;255m█[38;2;140;170;255m█[38;2;140;170;255m█[38;2;140;170;255m█[38;2;140;170;255m█[38;2;140;170;255m█[38;2;140;170;255m█[38;2;140;170;255m█[38;2;140;170;255m█[38;2;140;170;255m█[38;2;140;170;255m█[38;2;140;170;255m█[38;2;140;170;255m█[38;2;140;170;255m▄       [38;2;140;170;255m▀[38;2;140;170;255m█[38;2;140;170;255m█[38;2;140;170;255m█[38;2;140;170;255m█[38;2;140;170;255m█[38;2;140;170;255m█[38;2;140;170;255m█[38;2;140;170;255m▄[38;2;140;170;255m▄[38;2;140;170;255m▄[38;2;140;170;255m█[38;2;140;170;255m█[38;2;140;170;255m█[38;2;140;170;255m█[38;2;140;170;255m█[38;2;140;170;255m█[38;2;140;170;255m█[38;2;140;170;255m█[0m
   [38;2;140;170;255m▄[38;2;140;170;255m█[38;2;140;170;255m█[38;2;140;170;255m█[38;2;140;170;255m█[38;2;140;170;255m█[38;2;140;170;255m█[38;2;140;170;255m█[38;2;140;170;255m█[38;2;140;170;255m█[38;2;140;170;255m█[38;2;140;170;255m█[38;2;140;170;255m█[38;2;140;170;255m█[38;2;140;170;255m█[38;2;140;170;255m█[38;2;140;170;255m█[38;2;140;170;255m█[38;2;140;170;255m█[38;2;140;170;255m█[38;2;140;170;255m█[38;2;140;170;255m█[38;2;140;170;255m█[38;2;140;170;255m█[38;2;140;170;255m█[38;2;140;170;255m█[38;2;140;170;255m█[38;2;140;170;255m█[38;2;140;170;255m█[38;2;140;170;255m▄     [38;2;140;170;255m█[38;2;140;170;255m█[38;2;140;170;255m█[38;2;140;170;255m█[38;2;140;170;255m█[38;2;140;170;255m█[38;2;140;170;255m█[38;2;140;170;255m█[38;2;140;170;255m█[38;2;140;170;255m█[38;2;140;170;255m█[38;2;140;170;255m█[38;2;140;170;255m█[38;2;140;170;255m█[38;2;140;170;255m█[38;2;140;170;255m█[38;2;140;170;255m█[0m
  [38;2;140;170;255m█[38;2;140;170;255m█[38;2;140;170;255m█[38;2;140;170;255m█[38;2;140;170;255m█[38;2;140;170;255m█[38;2;140;170;255m█[38;2;140;170;255m█[38;2;140;170;255m█[38;2;140;170;255m█[38;2;140;170;255m█[38;2;140;170;255m█[38;2;140;170;255m█[38;2;140;170;255m█[38;2;140;170;255m█[38;2;140;170;255m█[38;2;140;170;255m█[38;2;140;170;255m█[38;2;140;170;255m█[38;2;140;170;255m█[38;2;140;170;255m█[38;2;140;170;255m█[38;2;140;170;255m█[38;2;140;170;255m█[38;2;140;170;255m█[38;2;140;170;255m█[38;2;140;170;255m█[38;2;140;170;255m█[38;2;140;170;255m█[38;2;140;170;255m█[38;2;140;170;255m█[38;2;140;170;255m█[38;2;140;170;255m▄    [38;2;140;170;255m▀[38;2;140;170;255m█[38;2;140;170;255m█[38;2;140;170;255m█[38;2;140;170;255m█[38;2;140;170;255m█[38;2;140;170;255m█[38;2;140;170;255m█[38;2;140;170;255m█[38;2;140;170;255m█[38;2;140;170;255m█[38;2;140;170;255m█[38;2;140;170;255m█[38;2;140;170;255m█[38;2;140;170;255m▀[0m
 [38;2;90;120;255m█[38;2;90;120;255m█[38;2;90;120;255m█[38;2;90;120;255m█[38;2;90;120;255m█[38;2;90;120;255m█[38;2;90;120;255m█[38;2;90;120;255m█[38;2;90;120;255m█[38;2;90;120;255m█[38;2;90;120;255m█[38;2;90;120;255m█[38;2;90;120;255m█[38;2;90;120;255m█[38;2;90;120;255m█[38;2;90;120;255m█[38;2;90;120;255m█[38;2;90;120;255m█[38;2;90;120;255m█[38;2;90;120;255m█[38;2;90;120;255m█[38;2;90;120;255m█[38;2;90;120;255m█[38;2;90;120;255m█[38;2;90;120;255m█[38;2;90;120;255m█[38;2;90;120;255m█[38;2;90;120;255m█[38;2;90;120;255m█[38;2;90;120;255m█[38;2;90;120;255m█[38;2;90;120;255m█[38;2;90;120;255m█[38;2;90;120;255m█[38;2;90;120;255m█[38;2;90;120;255m▄    [38;2;90;120;255m▀[38;2;90;120;255m█[38;2;90;120;255m█[38;2;90;120;255m█[38;2;90;120;255m█[38;2;90;120;255m█[38;2;90;120;255m█[38;2;90;120;255m█[38;2;90;120;255m█[38;2;90;120;255m█[38;2;90;120;255m▀[0m
[38;2;90;120;255m▄[38;2;90;120;255m█[38;2;90;120;255m█[38;2;90;120;255m█[38;2;90;120;255m▀[38;2;90;120;255m▀[38;2;90;120;255m▀[38;2;90;120;255m▀[38;2;90;120;255m▀[38;2;90;120;255m▀[38;2;90;120;255m█[38;2;90;120;255m█[38;2;90;120;255m█[38;2;90;120;255m█[38;2;90;120;255m█[38;2;90;120;255m█[38;2;90;120;255m█[38;2;90;120;255m█[38;2;90;120;255m█[38;2;90;120;255m█[38;2;90;120;255m█[38;2;90;120;255m█[38;2;90;120;255m█[38;2;90;120;255m█[38;2;90;120;255m█[38;2;90;120;255m█[38;2;90;120;255m█[38;2;90;120;255m█[38;2;90;120;255m█[38;2;90;120;255m█[38;2;90;120;255m█[38;2;90;120;255m█[38;2;90;120;255m█[38;2;90;120;255m█[38;2;90;120;255m█[38;2;90;120;255m█[38;2;90;120;255m█[38;2;90;120;255m█[38;2;90;120;255m▄  [38;2;90;120;255m▄[38;2;90;120;255m█[38;2;90;120;255m█[38;2;90;120;255m█[38;2;90;120;255m█[38;2;90;120;255m█[0m
[38;2;90;120;255m█[38;2;90;120;255m█[38;2;90;120;255m█[38;2;90;120;255m█         [38;2;90;120;255m▀[38;2;90;120;255m▀[38;2;90;120;255m█[38;2;90;120;255m█[38;2;90;120;255m█[38;2;90;120;255m█[38;2;90;120;255m█[38;2;90;120;255m█[38;2;90;120;255m█[38;2;90;120;255m█[38;2;90;120;255m█[38;2;90;120;255m█[38;2;90;120;255m█[38;2;90;120;255m█[38;2;90;120;255m█[38;2;90;120;255m█[38;2;90;120;255m▀[38;2;90;120;255m▀[38;2;90;120;255m▀[38;2;90;120;255m▀[38;2;90;120;255m█[38;2;90;120;255m█[38;2;90;120;255m█[38;2;90;120;255m█[38;2;90;120;255m█[38;2;90;120;255m█[38;2;90;120;255m█[38;2;90;120;255m█[38;2;90;120;255m█[38;2;90;120;255m█[38;2;90;120;255m█[38;2;90;120;255m█[38;2;90;120;255m█[38;2;90;120;255m█[0m
[38;2;90;120;255m█[38;2;90;120;255m█[38;2;90;120;255m█[38;2;90;120;255m█             [38;2;90;120;255m▀[38;2;90;120;255m█[38;2;90;120;255m█[38;2;90;120;255m█[38;2;90;120;255m█[38;2;90;120;255m█[38;2;90;120;255m█[38;2;90;120;255m█[38;2;90;120;255m█[38;2;90;120;255m█[38;2;90;120;255m█[38;2;90;120;255m█[38;2;90;120;255m█[38;2;90;120;255m▄[38;2;90;120;255m▄  [38;2;90;120;255m▀[38;2;90;120;255m█[38;2;90;120;255m█[38;2;90;120;255m█[38;2;90;120;255m█[38;2;90;120;255m█[38;2;90;120;255m█[38;2;90;120;255m█[38;2;90;120;255m█[38;2;90;120;255m█[38;2;90;120;255m█[38;2;90;120;255m█[38;2;90;120;255m█[0m
[38;2;90;120;255m█[38;2;90;120;255m█[38;2;90;120;255m█[38;2;90;120;255m█[38;2;90;120;255m▄               [38;2;90;120;255m▀[38;2;90;120;255m█[38;2;90;120;255m█[38;2;90;120;255m█[38;2;90;120;255m█[38;2;90;120;255m█[38;2;90;120;255m█[38;2;90;120;255m█[38;2;90;120;255m█  [38;2;90;120;255m█    [38;2;90;120;255m█[38;2;90;120;255m█[38;2;90;120;255m█[38;2;90;120;255m▀[38;2;90;120;255m█[38;2;90;120;255m█[38;2;90;120;255m█[38;2;90;120;255m█[38;2;90;120;255m█[38;2;90;120;255m█[0m
[38;2;60;90;220m█[38;2;60;90;220m█[38;2;60;90;220m█[38;2;60;90;220m█[38;2;60;90;220m█                 [38;2;60;90;220m▀[38;2;60;90;220m█[38;2;60;90;220m█[38;2;60;90;220m█[38;2;60;90;220m█[38;2;60;90;220m█[38;2;60;90;220m█   [38;2;60;90;220m▀[38;2;60;90;220m█[38;2;60;90;220m▄[38;2;60;90;220m▄ [38;2;60;90;220m▀[38;2;60;90;220m█[38;2;60;90;220m█[38;2;60;90;220m█[38;2;60;90;220m█[38;2;60;90;220m█[38;2;60;90;220m█[38;2;60;90;220m█[38;2;60;90;220m▀[0m
 [38;2;60;90;220m█[38;2;60;90;220m█[38;2;60;90;220m█[38;2;60;90;220m█[38;2;60;90;220m▄                 [38;2;60;90;220m▀[38;2;60;90;220m█[38;2;60;90;220m█[38;2;60;90;220m█[38;2;60;90;220m█[38;2;60;90;220m█     [38;2;60;90;220m▀[38;2;60;90;220m▀[38;2;60;90;220m▄[38;2;60;90;220m█[38;2;60;90;220m█[38;2;60;90;220m█[38;2;60;90;220m█[38;2;60;90;220m█[38;2;60;90;220m█[38;2;60;90;220m█[38;2;60;90;220m█[0m
 [38;2;60;90;220m█[38;2;60;90;220m█[38;2;60;90;220m█[38;2;60;90;220m█[38;2;60;90;220m█[38;2;60;90;220m▄                  [38;2;60;90;220m█[38;2;60;90;220m█[38;2;60;90;220m█      [38;2;60;90;220m▄[38;2;60;90;220m█[38;2;60;90;220m█[38;2;60;90;220m█[38;2;60;90;220m█[38;2;60;90;220m█[38;2;60;90;220m█[38;2;60;90;220m█[38;2;60;90;220m█[38;2;60;90;220m█[0m
  [38;2;60;90;220m█[38;2;60;90;220m█[38;2;60;90;220m█[38;2;60;90;220m█[38;2;60;90;220m█[38;2;60;90;220m█                  [38;2;60;90;220m▀[38;2;60;90;220m█    [38;2;60;90;220m▄[38;2;60;90;220m█[38;2;60;90;220m█[38;2;60;90;220m█[38;2;60;90;220m█[38;2;60;90;220m█[38;2;60;90;220m█[38;2;60;90;220m█[38;2;60;90;220m█[38;2;60;90;220m█[38;2;60;90;220m█[0m
   [38;2;60;90;220m█[38;2;60;90;220m█[38;2;60;90;220m█[38;2;60;90;220m█[38;2;60;90;220m█[38;2;60;90;220m█[38;2;60;90;220m▄        [38;2;60;90;220m▄[38;2;60;90;220m▄[38;2;60;90;220m▄       [38;2;60;90;220m▄  [38;2;60;90;220m▄[38;2;60;90;220m█[38;2;60;90;220m█[38;2;60;90;220m█[38;2;60;90;220m█[38;2;60;90;220m█[38;2;60;90;220m█[38;2;60;90;220m█[38;2;60;90;220m█[38;2;60;90;220m█[38;2;60;90;220m▀[0m
    [38;2;28;54;130m▀[38;2;28;54;130m█[38;2;28;54;130m█[38;2;28;54;130m█[38;2;28;54;130m█[38;2;28;54;130m█[38;2;28;54;130m█[38;2;28;54;130m▄      [38;2;28;54;130m▀[38;2;28;54;130m█[38;2;28;54;130m█[38;2;28;54;130m█[38;2;28;54;130m█[38;2;28;54;130m▄   [38;2;28;54;130m█[38;2;28;54;130m█ [38;2;28;54;130m█[38;2;28;54;130m█[38;2;28;54;130m█[38;2;28;54;130m█[38;2;28;54;130m█[38;2;28;54;130m█[38;2;28;54;130m█[38;2;28;54;130m█[38;2;28;54;130m█[38;2;28;54;130m▀[0m
      [38;2;28;54;130m▀[38;2;28;54;130m█[38;2;28;54;130m█[38;2;28;54;130m█[38;2;28;54;130m█[38;2;28;54;130m█[38;2;28;54;130m█[38;2;28;54;130m▄[38;2;28;54;130m▄    [38;2;28;54;130m█[38;2;28;54;130m█[38;2;28;54;130m█[38;2;28;54;130m█[38;2;28;54;130m█[38;2;28;54;130m█[38;2;28;54;130m▄[38;2;28;54;130m▄[38;2;28;54;130m▀   [38;2;28;54;130m▀[38;2;28;54;130m█[38;2;28;54;130m█[38;2;28;54;130m█[38;2;28;54;130m█[38;2;28;54;130m█[38;2;28;54;130m█[38;2;28;54;130m█[38;2;28;54;130m█[38;2;28;54;130m█[38;2;28;54;130m▄[38;2;28;54;130m▄[0m
        [38;2;28;54;130m▀[38;2;28;54;130m█[38;2;28;54;130m█[38;2;28;54;130m█[38;2;28;54;130m█[38;2;28;54;130m█[38;2;28;54;130m█[38;2;28;54;130m█[38;2;28;54;130m█[38;2;28;54;130m█[38;2;28;54;130m█[38;2;28;54;130m█[38;2;28;54;130m█[38;2;28;54;130m█[38;2;28;54;130m█[38;2;28;54;130m█[38;2;28;54;130m█[38;2;28;54;130m█[38;2;28;54;130m█[38;2;28;54;130m█[38;2;28;54;130m▄[38;2;28;54;130m▄[38;2;28;54;130m▄[38;2;28;54;130m▄[38;2;28;54;130m▄[38;2;28;54;130m█[38;2;28;54;130m█[38;2;28;54;130m█[38;2;28;54;130m█[38;2;28;54;130m█[38;2;28;54;130m█[38;2;28;54;130m█[38;2;28;54;130m█[38;2;28;54;130m█[38;2;28;54;130m█[38;2;28;54;130m█[0m
          [38;2;28;54;130m▀[38;2;28;54;130m▀[38;2;28;54;130m█[38;2;28;54;130m█[38;2;28;54;130m█[38;2;28;54;130m█[38;2;28;54;130m█[38;2;28;54;130m█[38;2;28;54;130m█[38;2;28;54;130m█[38;2;28;54;130m█[38;2;28;54;130m█[38;2;28;54;130m█[38;2;28;54;130m█[38;2;28;54;130m█[38;2;28;54;130m█[38;2;28;54;130m█[38;2;28;54;130m█[38;2;28;54;130m█[38;2;28;54;130m█[38;2;28;54;130m█[38;2;28;54;130m█[38;2;28;54;130m▀[38;2;28;54;130m▀    [38;2;28;54;130m▀[38;2;28;54;130m▀[38;2;28;54;130m▀[38;2;28;54;130m▀[0m
              [38;2;28;54;130m▀[38;2;28;54;130m▀[38;2;28;54;130m▀[38;2;28;54;130m▀[38;2;28;54;130m█[38;2;28;54;130m█[38;2;28;54;130m█[38;2;28;54;130m█[38;2;28;54;130m█[38;2;28;54;130m█[38;2;28;54;130m█[38;2;28;54;130m█[38;2;28;54;130m█[38;2;28;54;130m▀[38;2;28;54;130m▀[38;2;28;54;130m▀[0m